((("media" .
   [5 0 0 0 0])
  ("Instance" .
   [0 0 0 1 2 3 0 0])
  ("req" .
   [1 0 0])
  ("testaudio" .
   [0 0 0 0 0 2 0 0 0])
  ("women_means" .
   [0 0 2 0 0 0 0 0 0 0 0])
  ("men_means" .
   [0 0 1 1 0 0 0 0 0])
  ("labels" .
   [1 0 0 0 0 0])
  ("out" .
   [22 0 0])
  ("IndexError" .
   [0 1 1 0 0 0 0 0 0 0])
  ("timeEnd" .
   [0 0 0 0 0 1 0])
  ("continue" .
   [0 0 0 0 0 2 0 0])
  ("after" .
   [2 0 0 0 0])
  ("fine" .
   [10 0 3 0])
  ("press_time" .
   [0 0 0 2 0 4 0 0 0 0])
  ("cauhgtRed" .
   [0 0 1 6 0 0 0 0 0])
  ("objBomb" .
   [0 0 0 2 1 1 0])
  ("object" .
   [0 0 0 1 0 0])
  ("color" .
   [8 1 0 0 0])
  ("item" .
   [1 0 0 0])
  ("bomb_list" .
   [0 0 0 0 1 0 0 0 0])
  ("h_w" .
   [2 0 0])
  ("win_height" .
   [0 0 0 1 0 0 0 0 0 0])
  ("h_h" .
   [1 0 0])
  ("f" .
   [1])
  ("se" .
   [1 0])
  ("step" .
   [1 0 0 0])
  ("loop" .
   [0 0 0 1])
  ("display" .
   [1 0 0 0 0 0 0])
  ("checkEvents" .
   [0 0 0 1 0 0 0 0 0 0 0])
  ("traffic" .
   [0 0 0 0 0 1 0])
  ("trace" .
   [0 0 0 1 0])
  ("getKeys" .
   [0 0 0 1 1 0 0])
  ("updateTime" .
   [0 0 0 1 1 0 0 0 0 0])
  ("_" .
   [1])
  ("self" .
   [0 0 0 1])
  ("clock" .
   [3 0 0 0 1])
  ("win" .
   [5 0 0])
  ("win_size" .
   [0 0 0 0 1 0 0 0])
  ("None" .
   [0 1 3 0])
  ("image_bg" .
   [0 0 0 1 0 0 0 0])
  ("i" .
   [57])
  ("__init__" .
   [0 0 0 1 0 0 0 0])
  ("orange" .
   [0 0 0 2 0 0])
  ("coordRes" .
   [0 0 0 0 2 1 0 0])
  ("color_fg" .
   [0 0 0 0 0 1 0 0])
  ("render" .
   [0 0 0 0 0 1])
  ("font" .
   [1 0 0 0])
  ("blit" .
   [1 0 0 0])
  ("screen" .
   [0 0 0 0 0 1])
  ("True" .
   [0 2 0 1])
  ("K_DOWN" .
   [1 0 0 0 0 0])
  ("KEYUP" .
   [0 0 0 1 0])
  ("type" .
   [0 0 1 0])
  ("append" .
   [10 0 0 1 0 1])
  ("apply" .
   [0 0 0 4 0])
  ("done" .
   [4 0 0 0])
  ("pos_y" .
   [1 0 0 6 0])
  ("pos_x" .
   [2 1 0 2 1])
  ("K_SPACE" .
   [1 0 0 0 0 0 0])
  ("e" .
   [7])
  ("start" .
   [2 0 0 0 0])
  ("text" .
   [6 0 0 0])
  ("results" .
   [2 0 0 0 3 1 0])
  ("seconds" .
   [6 0 0 2 3 0 0])
  ("get_ticks" .
   [0 0 0 3 0 0 0 0 0])
  ("time" .
   [0 0 1 2])
  ("pygame" .
   [3 0 4 1 4 0])
  ("run" .
   [9 0 0])
  ("stop" .
   [14 0 0 0])
  ("startScript" .
   [0 0 0 0 1 9 2 1 2 0 0])
  ("startTimer" .
   [0 0 0 0 0 12 0 0 0 0])
  ("python-mode-hook" .
   [0 0 0 1 0 0 0 0 0 0 0 0 0 0 0 0])
  ("my-c++-mode-hook" .
   [0 0 3 0 0 0 0 0 0 0 0 0 0 0 0 0])
  ("add-hook" .
   [0 0 0 0 4 1 0 0])
  ("python-db" .
   [0 0 0 0 0 0 0 0 1])
  ("point-max" .
   [1 0 0 0 0 0 0 0 0])
  ("shell-command-on-region" .
   [0 0 0 0 0 0 0 0 0 0 0 0 0 0 0 0 1 0 0 0 0 0 0])
  ("shell-command" .
   [0 0 0 0 0 0 0 0 0 1 0 0 0])
  ("interactive" .
   [0 0 0 0 0 0 0 1 0 0 0])
  ("intern" .
   [0 0 0 0 1 0])
  ("defun" .
   [3 0 0 0 0])
  ("pdb" .
   [1 0 0])
  ("Python" .
   [0 0 1 1 0 0])
  ("gdb" .
   [1 0 0])
  ("f4" .
   [1 0])
  ("p" .
   [6])
  ("-" .
   [1])
  ("c-mode-map" .
   [0 0 0 0 0 0 0 1 0 0])
  ("define-key" .
   [2 0 0 0 0 0 0 0 0 0])
  ("f10" .
   [1 0 0])
  ("add-" .
   [1 0 0 0])
  ("add-to-list" .
   [0 0 0 0 0 0 1 0 1 0 0])
  ("a" .
   [4])
  ("load-path" .
   [0 0 0 0 1 0 0 0 0])
  ("/" .
   [5])
  ("nil" .
   [1 0 0])
  ("x" .
   [1])
  ("shell" .
   [2 0 0 0 0])
  ("c++-mode-hook" .
   [2 0 0 4 0 0 0 0 0 0 0 0 0])
  ("c++-mode" .
   [0 0 0 1 0 0 0 0])
  ("python-mode" .
   [0 0 0 0 0 0 0 0 0 0 1])
  ("my-python-mode-hook" .
   [0 0 2 0 0 0 0 0 0 0 0 0 0 0 0 0 0 0 0])
  ("lambda" .
   [0 0 1 2 0 0])
  ("create-compile-command" .
   [0 0 0 0 0 0 0 0 0 1 0 0 0 0 0 0 0 0 0 0 0 0])
  ("compile" .
   [0 0 0 0 0 1 0])
  ("key" .
   [7 0 0])
  ("img_namesRight" .
   [1 0 0 0 0 0 0 0 0 0 0 0 0 0])
  ("imagesRight" .
   [2 0 0 0 0 0 0 0 0 1 0])
  ("imagesLeft" .
   [3 0 0 0 0 0 0 0 0 0])
  ("img_namesLeft" .
   [1 0 0 0 0 0 0 0 0 0 0 0 0])
  ("isRight" .
   [0 0 0 2 1 0 0])
  ("fineInt" .
   [5 0 0 1 4 1 0])
  ("get_rawtime" .
   [0 0 0 2 1 0 0 0 0 0 0])
  ("tmp" .
   [33 0 0])
  ("n" .
   [8])
  ("print" .
   [0 0 0 1 0])
  ("c1" .
   [10 0])
  ("split" .
   [2 0 0 0 0])
  ("c2" .
   [2 0])
  ("bdb" .
   [1 0 0])
  ("k" .
   [13])
  ("b" .
   [2])
  ("cnt" .
   [4 0 0])
  ("no" .
   [7 0])
  ("requests" .
   [1 0 0 1 0 0 0 0])
  ("getopt" .
   [0 0 1 0 1 0])
  ("vlc" .
   [5 0 0])
  ("player" .
   [2 0 0 2 0 0])
  ("play" .
   [4 0 0 0])
  ("images_right" .
   [0 0 0 0 0 0 0 0 0 0 0 1])
  ("right" .
   [3 0 0 0 0])
  ("False" .
   [0 0 0 0 2])
  ("images_left" .
   [1 0 0 0 0 0 0 0 0 0 0])))
